20
497341421 678293712 15
446721268
453359652
25925679
334900894
475544025
451323566
87889746
295096717
338632343
902095903
717347374
898615917
32997166
228468215
538147067
61275105 276576973 12
847177
392035279
31335239
240568703
895378790
386657582
267856445
911367276
856168941
254863444
427178554
197194802
764481696 871456594 16
754495693
132937028
136084122
742199307
871033529
181181491
858156319
202744937
341029074
637229073
149052759
510909996
435293156
97607324
59419302
430505441
502494405 755213931 2
431694593
977403698
708374307 802761466 14
395974768
570202008
127383043
2212121
708238390
461050489
48724341
999614149
627382146
234862435
504114885
803940965
479320851
707957310
7554995 802221488 12
355351700
410950083
874122914
942021044
302804873
828413216
330464363
534549083
58462576
364060864
491893738
52737267
908205069 977878290 19
505845948
186983401
378390652
69543692
506696188
472012404
267333965
778422610
679428772
981435486
405431899
609001513
148192241
389240215
713361259
310862922
787255273
516889781
173808959
100495983 156700534 13
254615808
329500184
887710958
35524743
474111914
675899039
224195695
965725287
887825029
640150538
183899961
299733506
248789525
240081864 297585582 18
758664336
30527095
950322919
528622800
887679148
316174039
808800065
134006250
167862701
533930289
700397681
396375838
821998616
322697336
938870938
436836985
844993581
720628985
181803159 217801574 9
789068950
454928793
687461749
242562118
912507741
355182670
205635417
71661895
210138596
133809702 278194298 1
584859445
850222092 901903346 20
937666947
649299887
322962371
948308796
255855954
288458918
844596538
471023417
792927093
424820523
696822686
105642301
384036730
939742440
864925332
574017269
535218873
977415055
892399452
364184479
390840037 646103339 9
900464139
478655076
787036878
819383313
402985927
401457263
445548393
899186265
939149760
845933842 936415654 11
992490237
402164036
607728164
521563708
727771694
476978513
805218936
916963442
767159097
256061548
316578915
399313796 948874100 15
886454889
267720503
385912602
72460243
584451195
129741344
347464762
374845862
165382252
542646248
687658478
747856477
499998629
481464796
422865977
308679640 449808475 15
804799321
338148307
337693178
347932514
866721598
633938048
38568384
710356459
997326615
625159293
27413791
312812710
285732843
983342749
942423014
969246443 996875432 6
889018617
14989679
185342679
134635138
981176118
775624186
189905412 877410558 2
877383988
896244335
981874990 990972287 9
812090340
378400374
176727120
427829233
617354706
828680051
521101446
511488091
997856353
486971654 817602462 1
149016110
