626
001
001
002
003
005
008
013
021
034
055
089
144
233
377
610
987
597
584
181
765
946
711
657
368
025
393
418
811
229
040
269
309
578
887
465
352
817
169
986
155
141
296
437
733
170
903
073
976
049
025
074
099
173
272
445
717
162
879
041
920
961
881
842
723
565
288
853
141
994
135
129
264
393
657
050
707
757
464
221
685
906
591
497
088
585
673
258
931
189
120
309
429
738
167
905
072
977
049
026
075
101
176
277
453
730
183
913
096
009
105
114
219
333
552
885
437
322
759
081
840
921
761
682
443
125
568
693
261
954
215
169
384
553
937
490
427
917
344
261
605
866
471
337
808
145
953
098
051
149
200
349
549
898
447
345
792
137
929
066
995
061
056
117
173
290
463
753
216
969
185
154
339
493
832
325
157
482
639
121
760
881
641
522
163
685
848
533
381
914
295
209
504
713
217
930
147
077
224
301
525
826
351
177
528
705
233
938
171
109
280
389
669
058
727
785
512
297
809
106
915
021
936
957
893
850
743
593
336
929
265
194
459
653
112
765
877
642
519
161
680
841
521
362
883
245
128
373
501
874
375
249
624
873
497
370
867
237
104
341
445
786
231
017
248
265
513
778
291
069
360
429
789
218
007
225
232
457
689
146
835
981
816
797
613
410
023
433
456
889
345
234
579
813
392
205
597
802
399
201
600
801
401
202
603
805
408
213
621
834
455
289
744
033
777
810
587
397
984
381
365
746
111
857
968
825
793
618
411
029
440
469
909
378
287
665
952
617
569
186
755
941
696
637
333
970
303
273
576
849
425
274
699
973
672
645
317
962
279
241
520
761
281
042
323
365
688
053
741
794
535
329
864
193
057
250
307
557
864
421
285
706
991
697
688
385
073
458
531
989
520
509
029
538
567
105
672
777
449
226
675
901
576
477
053
530
583
113
696
809
505
314
819
133
952
085
037
122
159
281
440
721
161
882
043
925
968
893
861
754
615
369
984
353
337
690
027
717
744
461
205
666
871
537
408
945
353
298
651
949
600
549
149
698
847
545
392
937
329
266
595
861
456
317
773
090
863
953
816
769
585
354
939
293
232
525
757
282
039
321
360
681
041
722
763
485
248
733
981
714
695
409
104
513
617
130
747
877
624
501
125
626
751
377
128
505
633
138
771
909
680
589
269
858
127
985
112
097
209
306
515
821
336
157
493
650
143
793
936
729
665
394
059
453
512
965
477
442
919
361
280
641
921
562
483
045
528
573
101
674
775
449
224
673
897
570
467
037
504
541
045
586
631
217
848
065
913
978
891
869
760
629
389
018
407
425
832
257
089
346
435
781
216
997
213
210
423
633
056
689
745
434
179
613
792
405
197
602
799
401
200
601
801
402
203
605
808
413
221
634
855
489
344
833
177
010
187
197
384
581
965
546
511
057
568
625
193
818
011
829
840
669
509
178
687
865
552
417
969
386
355
741
096
837
933
770
703
473
176
649
825
474
299
773
072
845
917
762
679
441
120
561
681
242
923
165
088
253
341
594
935
529
464
993
457
450
907
357
264
621
885
506
391
897
288
185
473
658
131
789
920
709
629
338
967
305
272
577
849
426
275
701
976
677
653
330
983
313
296
609
905
514
419
933
352
285
637
922
559
481
040
521
561
082
643
725
368
093
461
554
015
569
584
153
737
890
627
517
144
661
805
466
271
737
008
745
753
498
251
749
000
749
749
498
247
745
992
737
729
466
195
661
856
517
373
890
263
153
416
569
985
554
539
093
632
725
357
082
439
521
960
481
441
922
363
285
648
933
581
514
095
609
704
313
017
330
347
677
024
701
725
426
151
577
728
305
033
338
371
709
080
789
869
658
527
185
712
897
609
506
115
621
736
357
093
450
543
993
536
529
065
594
659
253
912
165
077
242
319
561
880
441
321
762
083
845
928
773
701
474
175
649
824
473
297
770
067
837
904
741
645
386
031
417
448
865
313
178
491
669
160
829
989
818
807
625
432
057
489
546
035
581
616
197
813
010
823
833
656
489
145
634
779
413
192
605
797
402
199
601
800
401
201
602
803
405
208
613
821
434
255
689
944
633
577
210
787
997
784
781
565
346
911
257
168
425
593
018
611
629
240
869
109
978
087
065
152
217
369
586
955
541
496
037
533
570
103
673
776
449
225
674
899
573
472
045
517
562
079
641
720
361
081
442
523
965
488
453
941
394
335
729
064
793
857
650
507
157
664
821
485
306
791
097
888
985
873
858
731
589
320
909
229
138
367
505
872
377
249
626
875
501
376
877
253
130
383
513
896
409
305
714
019
733
752
485
237
722
959
681
640
321
961
282
243
525
768
293
061
354
415
769
184
953
137
090
227
317
544
861
405
266
671
937
608
545
153
698
851
549
400
949
349
298
647
945
592
537
129
666
795
461
256
717
973
690
663
353
016
369
385
754
139
893
032
925
957
882
839
721
560
281
841
122
963
085
048
133
181
314
495
809
304
113
417
530
947
477
424
901
325
226
551
777
328
105
433
538
971
509
480
989
469
458
927
385
312
697
009
706
715
421
136
557
693
250
943
193
136
329
465
794
259
053
312
365
677
042
719
761
480
241
721
962
683
645
328
973
301
274
575
849
424
273
697
970
667
637
304
941
245
186
431
617
048
665
713
378
091
469
560
029
589
618
207
825
032
857
889
746
635
381
016
397
413
810
223
033
256
289
545
834
379
213
592
805
397
202
599
801
400
201
601
802
403
205
608
813
421
234
655
889
544
433
977
410
387
797
184
981
165
146
311
457
768
225
993
218
211
429
640
069
709
778
487
265
752
017
769
786
555
341
896
237
133
370
503
873
376
249
625
874
499
373
872
245
117
362
479
841
320
161
481
642
123
765
888
653
541
194
735
929
664
593
257
850
107
957
064
021
085
106
191
297
488
785
273
058
331
389
720
109
829
938
767
705
472
177
649
826
475
301
776
077
853
930
783
713
496
209
705
914
619
533
152
685
837
522
359
881
240
121
361
482
843
325
168
493
661
154
815
969
784
753
537
290
827
117
944
061
005
066
071
137
208
345
553
898
451
349
800
149
949
098
047
145
192
337
529
866
395
261
656
917
573
490
063
553
616
169
785
954
739
693
432
125
557
682
239
921
160
081
241
322
563
885
448
333
781
114
895
009
904
913
817
730
547
277
824
101
925
026
951
977
928
905
833
738
571
309
880
189
069
258
327
585
912
497
409
906
315
221
536
757
293
050
343
393
736
129
865
994
859
853
712
565
277
842
119
961
080
041
121
162
283
445
728
173
901
074
975
049
024
073
097
170
267
437
704
141
845
986
831
817
648
465
113
578
691
269
960
229
189
418
607
025
632
657
289
946
235
181
416
597
013
610
623
233
856
089
945
034
979
013
992
005
997
002
999
001
000
001
001
002
003
005
008
013
021
034
055
089
144
233
377
610
987
597
584
181
765
946
711
657
368
025
393
418
811
229
040
269
309
578
887
465
352
817
169
986
155
141
296
437
733
170
903
073
976
049
025
074
099
173
272
445
717
162
879
041
920
961
881
842
723
565
288
853
141
994
135
129
264
393
657
050
707
757
464
221
685
906
591
497
088
585
673
258
931
189
120
309
429
738
167
905
072
977
049
026
075
101
176
277
453
730
183
913
096
009
105
114
219
333
552
885
437
322
759
081
840
921
761
682
443
125
568
693
261
954
215
169
384
553
937
490
427
917
344
261
605
866
471
337
808
145
953
098
051
149
200
349
549
898
447
345
792
137
929
066
995
061
056
117
173
290
463
753
216
969
185
154
339
493
832
325
157
482
639
121
760
881
641
522
163
685
848
533
381
914
295
209
504
713
217
930
147
077
224
301
525
826
351
177
528
705
233
938
171
109
280
389
669
058
727
785
512
297
809
106
915
021
936
957
893
850
743
593
336
929
265
194
459
653
112
765
877
642
519
161
680
841
521
362
883
245
128
373
501
874
375
249
624
873
497
370
867
237
104
341
445
786
231
017
248
265
513
778
291
069
360
429
789
218
007
225
232
457
689
146
835
981
816
797
613
410
023
433
456
889
345
234
579
813
392
205
597
802
399
201
600
801
401
202
603
805
408
213
621
834
455
289
744
033
777
810
587
397
984
381
365
746
111
857
968
825
793
618
411
029
440
469
909
378
287
665
952
617
569
186
755
941
696
637
333
970
303
273
576
849
425
274
699
973
672
645
317
962
279
241
520
761
281
042
323
365
688
053
741
794
535
329
864
193
057
250
307
557
864
421
285
706
991
697
688
385
073
458
531
989
520
509
029
538
567
105
672
777
449
226
675
901
576
477
053
530
583
113
696
809
505
314
819
133
952
085
037
122
159
281
440
721
161
882
043
925
968
893
861
754
615
369
984
353
337
690
027
717
744
461
205
666
871
537
408
945
353
298
651
949
600
549
149
698
847
545
392
937
329
266
595
861
456
317
773
090
863
953
816
769
585
354
939
293
232
525
757
282
039
321
360
681
041
722
763
485
248
733
981
714
695
409
104
513
617
130
747
877
624
501
125
626
751
377
128
505
633
138
771
909
680
589
269
858
127
985
112
097
209
306
515
821
336
157
493
650
143
793
936
729
665
394
059
453
512
965
477
442
919
361
280
641
921
562
483
045
528
573
101
674
775
449
224
673
897
570
467
037
504
541
045
586
631
217
848
065
913
978
891
869
760
629
389
018
407
425
832
257
089
346
435
781
216
997
213
210
423
633
056
689
745
434
179
613
792
405
197
602
799
401
200
601
801
402
203
605
808
413
221
634
855
489
344
833
177
010
187
197
384
581
965
546
511
057
568
625
193
818
011
829
840
669
509
178
687
865
552
417
969
386
355
741
096
837
933
770
703
473
176
649
825
474
299
773
072
845
917
762
679
441
120
561
681
242
923
165
088
253
341
594
935
529
464
993
457
450
907
357
264
621
885
506
391
897
288
185
473
658
131
789
920
709
629
338
967
305
272
577
849
426
275
701
976
677
653
330
983
313
296
609
905
514
419
933
352
285
637
922
559
481
040
521
561
082
643
725
368
093
461
554
015
569
584
153
737
890
627
517
144
661
805
466
271
737
008
745
753
498
251
749
000
749
749
498
247
745
992
737
729
466
195
661
856
517
373
890
263
153
416
569
985
554
539
093
632
725
357
082
439
521
960
481
441
922
363
285
648
933
581
514
095
609
704
313
017
330
347
677
024
701
725
426
151
577
728
305
033
338
371
709
080
789
869
658
527
185
712
897
609
506
115
621
736
357
093
450
543
993
536
529
065
594
659
253
912
165
077
242
319
561
880
441
321
762
083
845
928
773
701
474
175
649
824
473
297
770
067
837
904
741
645
386
031
417
448
865
313
178
491
669
160
829
989
818
807
625
432
057
489
546
035
581
616
197
813
010
823
833
656
489
145
634
779
413
192
605
797
402
199
601
800
401
201
602
803
405
208
613
821
434
255
689
944
633
577
210
787
997
784
781
565
346
911
257
168
425
593
018
611
629
240
869
109
978
087
065
152
217
369
586
955
541
496
037
533
570
103
673
776
449
225
674
899
573
472
045
517
562
079
641
720
361
081
442
523
965
488
453
941
394
335
729
064
793
857
650
507
157
664
821
485
306
791
097
888
985
873
858
731
589
320
909
229
138
367
505
872
377
249
626
875
501
376
877
253
130
383
513
896
409
305
714
019
733
752
485
237
722
959
681
640
321
961
282
243
525
768
293
061
354
415
769
184
953
137
090
227
317
544
861
405
266
671
937
608
545
153
698
851
549
400
949
349
298
647
945
592
537
129
666
795
461
256
717
973
690
663
353
016
369
385
754
139
893
032
925
957
882
839
721
560
281
841
122
963
085
048
133
181
314
495
809
304
113
417
530
947
477
424
901
325
226
551
777
328
105
433
538
971
509
480
989
469
458
927
385
312
697
009
706
715
421
136
557
693
250
943
193
136
329
465
794
259
053
312
365
677
042
719
761
480
241
721
962
683
645
328
973
301
274
575
849
424
273
697
970
667
637
304
941
245
186
431
617
048
665
713
378
091
469
560
029
589
618
207
825
032
857
889
746
635
381
016
397
413
810
223
033
256
289
545
834
379
213
592
805
397
202
599
801
400
201
601
802
403
205
608
813
421
234
655
889
544
433
977
410
387
797
184
981
165
146
311
457
768
225
993
218
211
429
640
069
709
778
487
265
752
017
769
786
555
341
896
237
133
370
503
873
376
249
625
874
499
373
872
245
117
362
479
841
320
161
481
642
123
765
888
653
541
194
735
929
664
593
257
850
107
957
064
021
085
106
191
297
488
785
273
058
331
389
720
109
829
938
767
705
472
177
649
826
475
301
776
077
853
930
783
713
496
209
705
914
619
533
152
685
837
522
359
881
240
121
361
482
843
325
168
493
661
154
815
969
784
753
537
290
827
117
944
061
005
066
071
137
208
345
553
898
451
349
800
149
949
098
047
145
192
337
529
866
395
261
656
917
573
490
063
553
616
169
785
954
739
693
432
125
557
682
239
921
160
081
241
322
563
885
448
333
781
114
895
009
904
913
817
730
547
277
824
101
925
026
951
977
928
905
833
738
571
309
880
189
069
258
327
585
912
497
409
906
315
221
536
757
293
050
343
393
736
129
865
994
859
853
712
565
277
842
119
961
080
041
121
162
283
445
728
173
901
074
975
049
024
073
097
170
267
437
704
141
845
986
831
817
648
465
113
578
691
269
960
229
189
418
607
025
632
657
289
946
235
181
416
597
013
610
623
233
856
089
945
034
979
013
992
005
997
002
999
001
000
001
626
875
501
376
877
253
130
383
513
896
409
305
714
019
733
752
485
237
722
959
681
640
321
961
282
243
525
768
293
061
354
415
769
184
953
137
090
227
317
544
861
405
266
671
937
608
545
153
698
851
549
400
949
349
298
647
945
592
537
129
666
795
461
256
717
973
690
663
353
016
369
385
754
139
893
032
925
957
882
839
721
560
281
841
122
963
085
048
133
181
314
495
809
304
113
417
530
947
477
424
901
325
226
551
777
328
105
433
538
971
509
480
989
469
458
927
385
312
697
009
706
715
421
136
557
693
250
943
193
136
329
465
794
259
053
312
365
677
042
719
761
480
241
721
962
683
645
328
973
301
274
575
849
424
273
697
970
667
637
304
941
245
186
431
617
048
665
713
378
091
469
560
029
589
618
207
825
032
857
889
746
635
381
016
397
413
810
223
033
256
289
545
834
379
213
592
805
397
202
599
801
400
201
601
802
403
205
608
813
421
234
655
889
544
433
977
410
387
797
184
981
165
146
311
457
768
225
993
218
211
429
640
069
709
778
487
265
752
017
769
786
555
341
896
237
133
370
503
873
376
249
625
874
499
373
872
245
117
362
479
841
320
161
481
642
123
765
888
653
541
194
735
929
664
593
257
850
107
957
064
021
085
106
191
297
488
785
273
058
331
389
720
109
829
938
767
705
472
177
649
826
475
301
776
077
853
930
783
713
496
209
705
914
619
533
152
685
837
522
359
881
240
121
361
482
843
325
168
493
661
154
815
969
784
753
537
290
827
117
944
061
005
066
071
137
208
345
553
898
451
349
800
149
949
098
047
145
192
337
529
866
395
261
656
917
573
490
063
553
616
169
785
954
739
693
432
125
557
682
239
921
160
081
241
322
563
885
448
333
781
114
895
009
904
913
817
730
547
277
824
101
925
026
951
977
928
905
833
738
571
309
880
189
069
258
327
585
912
497
409
906
315
221
536
757
293
050
343
393
736
129
865
994
859
853
712
565
277
842
119
961
080
041
121
162
283
445
728
173
901
074
975
049
024
073
097
170
267
437
704
141
845
986
831
817
648
465
113
578
691
269
960
229
189
418
607
025
632
657
289
946
235
181
416
597
013
610
623
233
856
089
945
034
979
013
992
005
997
002
999
001
000
001
001
002
003
005
008
013
021
034
055
089
144
233
377
610
987
597
584
181
765
946
711
657
368
025
393
418
811
229
040
269
309
578
887
465
352
817
169
986
155
141
296
437
733
170
903
073
976
049
025
074
099
173
272
445
717
162
879
041
920
961
881
842
723
565
288
853
141
994
135
129
264
393
657
050
707
757
464
221
685
906
591
497
088
585
673
258
931
189
120
309
429
738
167
905
072
977
049
026
075
101
176
277
453
730
183
913
096
009
105
114
219
333
552
885
437
322
759
081
840
921
761
682
443
125
568
693
261
954
215
169
384
553
937
490
427
917
344
261
605
866
471
337
808
145
953
098
051
149
200
349
549
898
447
345
792
137
929
066
995
061
056
117
173
290
463
753
216
969
185
154
339
493
832
325
157
482
639
121
760
881
641
522
163
685
848
533
381
914
295
209
504
713
217
930
147
077
224
301
525
826
351
177
528
705
233
938
171
109
280
389
669
058
727
785
512
297
809
106
915
021
936
957
893
850
743
593
336
929
265
194
459
653
112
765
877
642
519
161
680
841
521
362
883
245
128
373
501
874
375
249
624
873
497
370
867
237
104
341
445
786
231
017
248
265
513
778
291
069
360
429
789
218
007
225
232
457
689
146
835
981
816
797
613
410
023
433
456
889
345
234
579
813
392
205
597
802
399
201
600
801
401
202
603
805
408
213
621
834
455
289
744
033
777
810
587
397
984
381
365
746
111
857
968
825
793
618
411
029
440
469
909
378
287
665
952
617
569
186
755
941
696
637
333
970
303
273
576
849
425
274
699
973
672
645
317
962
279
241
520
761
281
042
323
365
688
053
741
794
535
329
864
193
057
250
307
557
864
421
285
706
991
697
688
385
073
458
531
989
520
509
029
538
567
105
672
777
449
226
675
901
576
477
053
530
583
113
696
809
505
314
819
133
952
085
037
122
159
281
440
721
161
882
043
925
968
893
861
754
615
369
984
353
337
690
027
717
744
461
205
666
871
537
408
945
353
298
651
949
600
549
149
698
847
545
392
937
329
266
595
861
456
317
773
090
863
953
816
769
585
354
939
293
232
525
757
282
039
321
360
681
041
722
763
485
248
733
981
714
695
409
104
513
617
130
747
877
624
501
125
626
751
377
128
505
633
138
771
909
680
589
269
858
127
985
112
097
209
306
515
821
336
157
493
650
143
793
936
729
665
394
059
453
512
965
477
442
919
361
280
641
921
562
483
045
528
573
101
674
775
449
224
673
897
570
467
037
504
541
045
586
631
217
848
065
913
978
891
869
760
629
389
018
407
425
832
257
089
346
435
781
216
997
213
210
423
633
056
689
745
434
179
613
792
405
197
602
799
401
200
601
801
402
203
605
808
413
221
634
855
489
344
833
177
010
187
197
384
581
965
546
511
057
568
625
193
818
011
829
840
669
509
178
687
865
552
417
969
386
355
741
096
837
933
770
703
473
176
649
825
474
299
773
072
845
917
762
679
441
120
561
681
242
923
165
088
253
341
594
935
529
464
993
457
450
907
357
264
621
885
506
391
897
288
185
473
658
131
789
920
709
629
338
967
305
272
577
849
426
275
701
976
677
653
330
983
313
296
609
905
514
419
933
352
285
637
922
559
481
040
521
561
082
643
725
368
093
461
554
015
569
584
153
737
890
627
517
144
661
805
466
271
737
008
745
753
498
251
749
000
749
749
498
247
745
992
737
729
466
195
661
856
517
373
890
263
153
416
569
985
554
539
093
632
725
357
082
439
521
960
481
441
922
363
285
648
933
581
514
095
609
704
313
017
330
347
677
024
701
725
426
151
577
728
305
033
338
371
709
080
789
869
658
527
185
712
897
609
506
115
621
736
357
093
450
543
993
536
529
065
594
659
253
912
165
077
242
319
561
880
441
321
762
083
845
928
773
701
474
175
649
824
473
297
770
067
837
904
741
645
386
031
417
448
865
313
178
491
669
160
829
989
818
807
625
432
057
489
546
035
581
616
197
813
010
823
833
656
489
145
634
779
413
192
605
797
402
199
601
800
401
201
602
803
405
208
613
821
434
255
689
944
633
577
210
787
997
784
781
565
346
911
257
168
425
593
018
611
629
240
869
109
978
087
065
152
217
369
586
955
541
496
037
533
570
103
673
776
449
225
674
899
573
472
045
517
562
079
641
720
361
081
442
523
965
488
453
941
394
335
729
064
793
857
650
507
157
664
821
485
306
791
097
888
985
873
858
731
589
320
909
229
138
367
505
872
377
249
626
875
501
376
877
253
130
383
513
896
409
305
714
019
733
752
485
237
722
959
681
640
321
961
282
243
525
768
293
061
354
415
769
184
953
137
090
227
317
544
861
405
266
671
937
608
545
153
698
851
549
400
949
349
298
647
945
592
537
129
666
795
461
256
717
973
690
663
353
016
369
385
754
139
893
032
925
957
882
839
721
560
281
841
122
963
085
048
133
181
314
495
809
304
113
417
530
947
477
424
901
325
226
551
777
328
105
433
538
971
509
480
989
469
458
927
385
312
697
009
706
715
421
136
557
693
250
943
193
136
329
465
794
259
053
312
365
677
042
719
761
480
241
721
962
683
645
328
973
301
274
575
849
424
273
697
970
667
637
304
941
245
186
431
617
048
665
713
378
091
469
560
029
589
618
207
825
032
857
889
746
635
381
016
397
413
810
223
033
256
289
545
834
379
213
592
805
397
202
599
801
400
201
601
802
403
205
608
813
421
234
655
889
544
433
977
410
387
797
184
981
165
146
311
457
768
225
993
218
211
429
640
069
709
778
487
265
752
017
769
786
555
341
896
237
133
370
503
873
376
249
625
874
499
373
872
245
117
362
479
841
320
161
481
642
123
765
888
653
541
194
735
929
664
593
257
850
107
957
064
021
085
106
191
297
488
785
273
058
331
389
720
109
829
938
767
705
472
177
649
826
475
301
776
077
853
930
783
713
496
209
705
914
619
533
152
685
837
522
359
881
240
121
361
482
843
325
168
493
661
154
815
969
784
753
537
290
827
117
944
061
005
066
071
137
208
345
553
898
451
349
800
149
949
098
047
145
192
337
529
866
395
261
656
917
573
490
063
553
616
169
785
954
739
693
432
125
557
682
239
921
160
081
241
322
563
885
448
333
781
114
895
009
904
913
817
730
547
277
824
101
925
026
951
977
928
905
833
738
571
309
880
189
069
258
327
585
912
497
409
906
315
221
536
757
293
050
343
393
736
129
865
994
859
853
712
565
277
842
119
961
080
041
121
162
283
445
728
173
901
074
975
049
024
073
097
170
267
437
704
141
845
986
831
817
648
465
113
578
691
269
960
229
189
418
607
025
632
657
289
946
235
181
416
597
013
610
623
233
856
089
945
034
979
013
992
005
997
002
999
001
000
001
001
002
003
005
008
013
021
034
055
089
144
233
377
610
987
597
584
181
765
946
711
657
368
025
393
418
811
229
040
269
309
578
887
465
352
817
169
986
155
141
296
437
733
170
903
073
976
049
025
074
099
173
272
445
717
162
879
041
920
961
881
842
723
565
288
853
141
994
135
129
264
393
657
050
707
757
464
221
685
906
591
497
088
585
673
258
931
189
120
309
429
738
167
905
072
977
049
026
075
101
176
277
453
730
183
913
096
009
105
114
219
333
552
885
437
322
759
081
840
921
761
682
443
125
568
693
261
954
215
169
384
553
937
490
427
917
344
261
605
866
471
337
808
145
953
098
051
149
200
349
549
898
447
345
792
137
929
066
995
061
056
117
173
290
463
753
216
969
185
154
339
493
832
325
157
482
639
121
760
881
641
522
163
685
848
533
381
914
295
209
504
713
217
930
147
077
224
301
525
826
351
177
528
705
233
938
171
109
280
389
669
058
727
785
512
297
809
106
915
021
936
957
893
850
743
593
336
929
265
194
459
653
112
765
877
642
519
161
680
841
521
362
883
245
128
373
501
874
375
249
624
873
497
370
867
237
104
341
445
786
231
017
248
265
513
778
291
069
360
429
789
218
007
225
232
457
689
146
835
981
816
797
613
410
023
433
456
889
345
234
579
813
392
205
597
802
399
201
600
801
401
202
603
805
408
213
621
834
455
289
744
033
777
810
587
397
984
381
365
746
111
857
968
825
793
618
411
029
440
469
909
378
287
665
952
617
569
186
755
941
696
637
333
970
303
273
576
849
425
274
699
973
672
645
317
962
279
241
520
761
281
042
323
365
688
053
741
794
535
329
864
193
057
250
307
557
864
421
285
706
991
697
688
385
073
458
531
989
520
509
029
538
567
105
672
777
449
226
675
901
576
477
053
530
583
113
696
809
505
314
819
133
952
085
037
122
159
281
440
721
161
882
043
925
968
893
861
754
615
369
984
353
337
690
027
717
744
461
205
666
871
537
408
945
353
298
651
949
600
549
149
698
847
545
392
937
329
266
595
861
456
317
773
090
863
953
816
769
585
354
939
293
232
525
757
282
039
321
360
681
041
722
763
485
248
733
981
714
695
409
104
513
617
130
747
877
624
501
125
626
751
377
128
505
633
138
771
909
680
589
269
858
127
985
112
097
209
306
515
821
336
157
493
650
143
793
936
729
665
394
059
453
512
965
477
442
919
361
280
641
921
562
483
045
528
573
101
674
775
449
224
673
897
570
467
037
504
541
045
586
631
217
848
065
913
978
891
869
760
629
389
018
407
425
832
257
089
346
435
781
216
997
213
210
423
633
056
689
745
434
179
613
792
405
197
602
799
401
200
601
801
402
203
605
808
413
221
634
855
489
344
833
177
010
187
197
384
581
965
546
511
057
568
625
193
818
011
829
840
669
509
178
687
865
552
417
969
386
355
741
096
837
933
770
703
473
176
649
825
474
299
773
072
845
917
762
679
441
120
561
681
242
923
165
088
253
341
594
935
529
464
993
457
450
907
357
264
621
885
506
391
897
288
185
473
658
131
789
920
709
629
338
967
305
272
577
849
426
275
701
976
677
653
330
983
313
296
609
905
514
419
933
352
285
637
922
559
481
040
521
561
082
643
725
368
093
461
554
015
569
584
153
737
890
627
517
144
661
805
466
271
737
008
745
753
498
251
749
000
749
749
498
247
745
992
737
729
466
195
661
856
517
373
890
263
153
416
569
985
554
539
093
632
725
357
082
439
521
960
481
441
922
363
285
648
933
581
514
095
609
704
313
017
330
347
677
024
701
725
426
151
577
728
305
033
338
371
709
080
789
869
658
527
185
712
897
609
506
115
621
736
357
093
450
543
993
536
529
065
594
659
253
912
165
077
242
319
561
880
441
321
762
083
845
928
773
701
474
175
649
824
473
297
770
067
837
904
741
645
386
031
417
448
865
313
178
491
669
160
829
989
818
807
625
432
057
489
546
035
581
616
197
813
010
823
833
656
489
145
634
779
413
192
605
797
402
199
601
800
401
201
602
803
405
208
613
821
434
255
689
944
633
577
210
787
997
784
781
565
346
911
257
168
425
593
018
611
629
240
869
109
978
087
065
152
217
369
586
955
541
496
037
533
570
103
673
776
449
225
674
899
573
472
045
517
562
079
641
720
361
081
442
523
965
488
453
941
394
335
729
064
793
857
650
507
157
664
821
485
306
791
097
888
985
873
858
731
589
320
909
229
138
367
505
872
377
249
626
848
209
505
141
571
889
456
121
021
533
865
569
293
000
029
679
642
992
216
953
077
683
977
809
903
741
760
265
936
306
855
081
945
418
744
781
121
477
433
365
537
474
903
680
301
010
953
480
200
989
690
593
701
137
645
913
449
119
992
893
672
425
571
521
144
701
808
770
144
657
577
805
816
913
673
890
319
544
581
641
586
458
945
099
353
557
834
842
048
441
769
738
536
657
520
464
256
085
741
944
