3
12
13
16
16
17
21
43
12
17
17
35
25
17
25
18
16
12
11
25
33
28
6
13
22
21
19
21
18
14
8
14
16
8
11
16
19
24
11
11
24
5
20
7
14
21
30
22
17
20
14
23
16
28
21
7
24
12
9
15
15
18
2
14
26
25
16
16
22
11
14
35
16
15
12
18
29
27
10
25
18
31
13
35
11
23
12
10
16
19
22
22
35
19
31
15
14
21
4
22
16
22
16
14
20
13
14
31
16
18
9
22
18
11
14
19
11
8
19
21
8
11
8
21
17
12
29
20
16
13
13
18
19
28
39
33
21
20
11
19
14
15
29
22
22
29
30
9
10
27
10
25
23
23
12
13
26
5
16
19
15
20
29
7
20
31
16
26
11
12
38
20
13
13
35
30
27
19
26
19
11
12
13
28
12
29
28
20
14
16
4
21
19
18
32
15
31
23
15
24
16
19
16
23
12
17
19
9
27
24
19
16
10
16
3
12
22
43
46
41
36
26
38
30
41
34
50
43
39
25
18
47
23
16
49
44
45
35
49
27
29
27
33
13
49
30
23
47
13
35
16
44
32
28
38
34
25
33
37
50
21
33
43
38
