100
182849 546313
957453 750939
920206 950709
82264 516557
811673 433153
488826 290012
918568 676502
522429 561028
176561 990182
385151 79460
431228 275972
471365 973025
396485 887839
741309 507450
310913 5021
181296 22205
112439 78605
580654 179914
376285 921642
18914 365362
828950 900047
882892 974411
188263 493834
297513 953088
261846 193728
802412 182558
870343 857935
820041 144343
963174 736412
788017 643893
152295 302774
542189 760926
60191 416660
935694 118307
864587 500250
700755 167731
898503 149182
377656 799856
429314 812629
561824 276626
44213 275539
556665 250884
422460 191079
72979 305958
805831 440793
481248 342373
647347 302066
500428 553686
898426 305886
251126 251272
200123 895330
268863 588674
188241 463269
340892 46985
462821 967246
815924 866119
28143 603191
922841 732136
61393 862559
208129 557907
143671 52345
603269 142432
851656 766813
691388 142376
766824 915086
778354 849982
415688 501069
296087 375753
639007 357925
912324 218224
828436 359953
490046 799752
630391 759890
619053 95542
747544 745238
399263 279498
362978 24264
290960 475968
907323 983804
836113 625677
103310 844330
274930 551381
200034 66621
352582 257389
137597 34096
466589 131583
761153 798014
746258 353184
763433 332836
635316 70257
609329 815287
386283 982368
505915 416572
748158 126225
570882 298920
290970 171983
409613 202254
246543 289372
965390 213039
848709 398484
