372350
0
0
1262682
582684
608817
0
798350
189604
1151375
301733
0
651923
1290420
193545
641674
213371
765364
12159
871912
0
0
490712
26434
129265
1198916
0
559147
0
0
1191390
0
561059
15386
0
607721
363204
658043
151430
561625
797871
834485
1494
881694
287468
93830
688867
752520
964190
565485
152684
1022622
885313
91715
0
0
292641
0
1287819
1237695
251384
1087763
0
102684
0
0
203844
217399
376614
882082
969536
391657
0
271251
0
1194234
384455
52358
0
0
514581
787641
565494
865726
63681
991000
0
22968
518406
1254080
0
0
131767
1135470
424433
329835
715043
924527
1024499
939789
