1 24
9 *
20 20
1 *
1 *
1 *
1 *
20 20
1 *
1 *
1 2989
20 20
1 215
1 199
1 281
1 795
1 151
1 89
1 1840
1 72
1 161
1 170
1 1319
1 116
1 29
1 231
1 709
1 324
1 175
1 544
1 254
1 64
1 61
1 147
1 38
1 23
1 1337
1 108
1 282
1 2402
1 125
1 122
1 202
1 147
1 1733
1 521
1 39
1 36
1 179
1 62
1 106
1 711
1 534
1 1551
1 123
1 113
1 95
1 1856
1 657
8 *
1 32
1 83
1 163
20 *
1 208
1 102
1 289
1 191
1 150
1 210
1 44
1 60
6 *
1 68
1 599
1 97
1 828
1 108
1 494
1 514
1 634
1 276
1 601
1 253
1 69
1 219
1 161
1 483
1 297
1 90
1 61
1 929
1 121
1 40
1 201
1 155
9 *
1 160
1 158
1 297
1 209
1 703
6 *
14 *
8 *
1 92
1 59
1 294
1 117
1 23
1 288
1 26
20 21
20 20
20 23
15 23
6 23
17 20
20 20
18 *
20 28
12 40
1 *
17 93
19 21
19 21
20 22
7 *
13 21
7 41
20 20
1 *
20 21
19 21
12 26
1 *
18 118
20 21
1 *
20 20
19 20
20 20
16 36
20 20
20 23
18 37
20 22
20 20
20 22
20 20
20 20
20 20
19 29
17 29
11 26
16 *
6 *
18 22
4 168
4 *
20 20
17 23
19 22
19 22
19 22
20 21
1 28
20 33
1 *
20 *
12 51
17 20
20 22
20 20
18 *
4 *
18 *
20 20
20 20
16 *
18 20
17 21
5 41
16 21
17 26
19 21
11 33
18 20
19 20
20 22
18 20
7 27
1 *
1 *
20 21
20 21
1 *
1 *
19 22
17 20
19 20
1 *
20 21
18 41
20 21
20 20
15 26
16 32
18 *
19 20
18 24
16 *
18 20
20 20
18 20
13 23
20 25
1 *
20 20
20 22
17 27
19 20
19 26
1 *
17 35
19 21
1 *
1 *
12 *
19 23
18 20
20 24
20 20
1 *
19 *
20 21
1 *
20 26
1 29
16 21
1 *
20 20
19 20
11 *
20 21
20 20
20 *
20 20
5 25
19 22
14 21
20 20
20 26
16 *
19 20
19 21
13 26
1 *
20 20
19 30
20 38
20 21
1 *
13 77
20 21
16 21
14 *
20 20
20 21
20 20
19 21
17 23
1 *
15 22
7 49
16 20
5 *
20 21
20 20
1 *
10 *
20 22
9 21
20 20
20 20
20 22
16 *
20 22
20 20
11 *
18 21
20 20
17 21
19 20
14 29
20 20
20 21
18 20
9 *
17 *
4 84
20 21
20 88
12 86
20 20
13 22
19 30
19 20
17 22
20 20
20 20
3 *
